Image 1 ID,Image 2 ID,Image 1 Name,Image 2 Name,Fundamental Matrix,Transformation Matrix,Matches Weight,Epipolar Error Weight
1,2,0000.jpg,0001.jpg,"[[ 5.37746096e-08 -8.46069766e-06  3.35956790e-03]
 [ 1.16111442e-05 -9.07737630e-09  1.04237968e-02]
 [-4.60174481e-03 -1.31070220e-02  1.00000000e+00]]","[[ 9.93453097e-01  4.86539610e-04 -1.14239691e-01  9.18823983e-01]
 [-2.98024051e-04  9.99998566e-01  1.66724886e-03  5.53315570e-03]
 [ 1.14240338e-01 -1.62228737e-03  9.93451817e-01 -3.73715539e-01]]",0.001984126984126984,3.0520831174939484
1,3,0000.jpg,0002.jpg,"[[ 3.62263631e-07 -3.29229450e-06  1.69550575e-03]
 [ 6.90987268e-06  4.34592924e-07  3.11222593e-03]
 [-3.48541794e-03 -5.77882972e-03  1.00000000e+00]]","[[ 9.54855858e-01  2.31996477e-03 -2.97060445e-01  1.55616417e+00]
 [-1.26394673e-03  9.99992182e-01  3.74691319e-03  5.75790915e-03]
 [ 2.97066815e-01 -3.20229343e-03  9.54851325e-01 -1.78167053e-01]]",0.0029940119760479044,5.9563041445589615
1,4,0000.jpg,0003.jpg,"[[ 1.13161218e-08  1.55342799e-06 -5.77033471e-04]
 [ 2.05656868e-06 -7.04541715e-08  4.65457534e-03]
 [-8.08936138e-04 -7.27112585e-03  1.00000000e+00]]","[[ 9.23709259e-01  3.63218434e-03 -3.83077031e-01  2.06413236e+00]
 [-3.02102024e-03  9.99993023e-01  2.19698538e-03  5.96007088e-03]
 [ 3.83082338e-01 -8.72092278e-04  9.23713788e-01 -5.77060787e-02]]",0.0035211267605633804,8.880621468349386
1,5,0000.jpg,0004.jpg,"[[-5.15605468e-07 -2.37227437e-06  5.81402211e-04]
 [ 7.68898977e-06  7.29314337e-09  2.02148267e-03]
 [-2.00358265e-03 -5.05259081e-03  1.00000000e+00]]","[[ 8.45769926e-01  5.92138506e-03 -5.33514919e-01  2.46132313e+00]
 [-3.95332842e-03  9.99980514e-01  4.83147385e-03  3.54957600e-03]
 [ 5.33533132e-01 -1.97715559e-03  8.45776855e-01  3.78572424e-01]]",0.004424778761061947,9.796791033454745
1,6,0000.jpg,0005.jpg,"[[-1.07409481e-07  4.03811112e-06 -1.56976291e-03]
 [ 4.09218590e-07 -2.72847473e-07  4.00853077e-03]
 [ 1.35310965e-05 -6.65621650e-03  1.00000000e+00]]","[[ 7.59629372e-01  9.19866078e-03 -6.50291167e-01  2.84788798e+00]
 [-7.16896178e-03  9.99957653e-01  5.77051864e-03 -7.27196515e-03]
 [ 6.50316710e-01  2.78457071e-04  7.59663148e-01  7.62366736e-01]]",0.005780346820809248,10.694981928813235
1,7,0000.jpg,0006.jpg,"[[-1.64258036e-07 -1.74370077e-06  6.50462082e-04]
 [ 6.50539220e-06  1.60538266e-07  6.38786516e-04]
 [-2.43237499e-03 -3.29311690e-03  1.00000000e+00]]","[[ 6.70304776e-01  1.22480014e-02 -7.41984834e-01  3.09581134e+00]
 [-7.33586417e-03  9.99924296e-01  9.87865123e-03 -1.34315630e-02]
 [ 7.42049656e-01 -1.17860715e-03  6.70343881e-01  1.20602066e+00]]",0.0064516129032258064,13.766107353810753
1,8,0000.jpg,0007.jpg,"[[ 1.30702178e-08  2.60218553e-06 -1.02918410e-03]
 [ 2.18784281e-06  5.34158175e-08  2.42459437e-03]
 [-9.01288144e-04 -5.00506044e-03  1.00000000e+00]]","[[ 0.61147416  0.01366842 -0.79114634  3.53460553]
 [-0.00522802  0.99989876  0.01323426 -0.01390577]
 [ 0.79124713 -0.00395627  0.61148371  1.74530653]]",0.007692307692307693,17.776190886099805
1,9,0000.jpg,0008.jpg,"[[-2.10566652e-08  9.03173643e-07 -3.67222883e-04]
 [ 2.75167231e-06  1.35617530e-08  1.78278841e-03]
 [-1.09222198e-03 -4.36782778e-03  1.00000000e+00]]","[[ 6.24437025e-01  1.53752335e-02 -7.80923815e-01  4.28987746e+00]
 [-6.62210498e-03  9.99874517e-01  1.43909258e-02 -1.77907113e-02]
 [ 7.81047086e-01 -3.81486738e-03  6.24460485e-01  1.21215684e+00]]",0.00909090909090909,16.8181427184428
1,10,0000.jpg,0009.jpg,"[[-4.35447316e-09  1.62378333e-06 -6.09259725e-04]
 [ 2.61149929e-06  2.44921704e-07  7.96624929e-04]
 [-9.95690298e-04 -3.57651819e-03  1.00000000e+00]]","[[-8.04372902e-01 -2.87818309e-03  5.94117792e-01 -2.74123235e+00]
 [ 9.18396754e-03  9.99808550e-01  1.72776625e-02 -3.90032655e-02]
 [-5.94053777e-01  1.93540420e-02 -8.04192471e-01  8.37228266e+00]]",0.01098901098901099,34.82694121439711
1,11,0000.jpg,0010.jpg,"[[ 9.76480517e-09  1.90827163e-06 -7.03206791e-04]
 [ 2.57145141e-06  3.78526381e-08  4.35367901e-04]
 [-9.70721740e-04 -3.16630650e-03  1.00000000e+00]]","[[-7.29950265e-01 -3.06287595e-03  6.83493401e-01 -3.22910022e+00]
 [ 1.15344141e-02  9.99792359e-01  1.67986825e-02 -4.29284484e-02]
 [-6.83402932e-01  2.01458986e-02 -7.29763369e-01  8.00672942e+00]]",0.012195121951219513,45.52998830678598
1,12,0000.jpg,0011.jpg,"[[ 1.15786450e-08  1.91125991e-06 -7.26642217e-04]
 [ 2.44254949e-06 -1.24473122e-07  7.28203951e-04]
 [-9.58192804e-04 -3.31786665e-03  1.00000000e+00]]","[[-6.74882721e-01 -3.84608304e-03  7.37914982e-01 -3.61477702e+00]
 [ 1.21958007e-02  9.99791702e-01  1.63650521e-02 -4.35699280e-02]
 [-7.37824217e-01  2.00439549e-02 -6.74695238e-01  7.67843039e+00]]",0.018867924528301886,58.148414275716306
1,13,0000.jpg,0012.jpg,"[[ 2.27981710e-06  4.84622906e-07 -1.39312968e-03]
 [ 1.57368068e-06  3.86726471e-08 -8.85036558e-04]
 [-1.76386641e-03 -7.42589016e-05  1.00000000e+00]]","[[-5.37161324e-01 -6.43859706e-03  8.43454952e-01 -4.33203113e+00]
 [ 1.60289648e-02  9.99712369e-01  1.78395835e-02 -7.49728661e-02]
 [-8.43327211e-01  2.31024440e-02 -5.36903616e-01  7.08747639e+00]]",0.018867924528301886,54.65689708463199
1,14,0000.jpg,0013.jpg,"[[ 3.61811869e-07  1.92825247e-06 -7.92570527e-04]
 [ 2.55011786e-06  5.69349731e-08  1.66323464e-04]
 [-1.31518261e-03 -2.58384114e-03  1.00000000e+00]]","[[-0.42882227 -0.00945758  0.90333937 -4.91023131]
 [ 0.0158422   0.99971271  0.01798699 -0.07639294]
 [-0.90324996  0.0220241  -0.42854924  6.63972963]]",0.017543859649122806,57.06719656323081
1,15,0000.jpg,0014.jpg,"[[ 4.38079284e-06  1.38904825e-05 -5.80920679e-03]
 [-1.73207646e-05 -7.98328749e-08  6.60090662e-03]
 [ 2.63544216e-03 -6.70358204e-03  1.00000000e+00]]","[[-0.33402554 -0.01185913  0.94248942 -5.23769651]
 [ 0.01328051  0.99976237  0.0172865  -0.05931829]
 [-0.94247046  0.01829087 -0.33378867  6.09983383]]",0.016129032258064516,61.10280515436324
1,16,0000.jpg,0015.jpg,"[[ 2.71782482e-06  1.02091433e-05 -4.25085897e-03]
 [-9.45172411e-06  2.08233909e-08  3.68450965e-03]
 [ 1.48002542e-03 -5.05083226e-03  1.00000000e+00]]","[[-0.23270831 -0.01332992  0.97245522 -5.55730434]
 [ 0.01230019  0.99978575  0.01664798 -0.05048799]
 [-0.97246879  0.01583551 -0.23249449  5.58493351]]",0.019230769230769232,56.885646263058966
1,17,0000.jpg,0016.jpg,"[[ 9.72520453e-07  1.84265318e-06 -1.06553861e-03]
 [ 6.14379711e-06 -6.95030530e-07 -3.97439771e-03]
 [-1.81521541e-03  9.85022732e-04  1.00000000e+00]]","[[-0.24588411 -0.01290149  0.96921337 -5.12767454]
 [ 0.01167936  0.99979939  0.01627162 -0.04304404]
 [-0.96922887  0.01532073 -0.24568411  5.60127108]]",0.015384615384615385,105.41372001341655
1,18,0000.jpg,0017.jpg,"[[ 4.16943996e-06  1.99327989e-06 -5.84865056e-03]
 [ 5.74202340e-06  2.93891828e-06 -4.82259009e-03]
 [ 1.01872317e-03  6.32696906e-04  1.00000000e+00]]","[[-0.15554837 -0.01350821  0.98773591 -5.17976312]
 [ 0.01049214  0.9998275   0.01532588 -0.02973691]
 [-0.98777255  0.01274738 -0.15537981  4.93358848]]",0.016129032258064516,98.84536453304406
1,19,0000.jpg,0018.jpg,"[[ 7.40560167e-06 -1.35879236e-06 -7.32858561e-03]
 [ 5.73882453e-06  3.46502459e-07 -4.76430309e-03]
 [ 1.04732087e-03  2.92305467e-03  1.00000000e+00]]","[[-0.05022871 -0.01305493  0.99865241 -5.22588754]
 [ 0.01143511  0.99984151  0.01364562 -0.027031  ]
 [-0.99867228  0.0121051  -0.05007147  4.53259761]]",0.014492753623188406,94.86802129225134
1,20,0000.jpg,0019.jpg,"[[ 5.63997874e-06  4.67574193e-06  3.33179185e-03]
 [-1.56630383e-05 -6.63275648e-06  1.25241829e-02]
 [-7.57476215e-03 -4.68273665e-03  1.00000000e+00]]","[[ 0.07660984 -0.01417622  0.99696036 -5.39949248]
 [ 0.01174495  0.99984238  0.01331468 -0.02936959]
 [-0.99699197  0.01068922  0.07676426  3.91274959]]",0.0136986301369863,114.3676609301459
1,21,0000.jpg,0020.jpg,"[[-3.67467518e-06  7.01788898e-06  8.07296256e-03]
 [-1.48978482e-05 -2.50485166e-06  1.18862450e-02]
 [-6.74909586e-03 -7.64712681e-03  1.00000000e+00]]","[[ 0.18526317 -0.01485278  0.98257669 -5.54650815]
 [ 0.01258461  0.99983964  0.01274092 -0.03069061]
 [-0.98260836  0.01000493  0.18542037  3.3524319 ]]",0.014705882352941176,133.69512319166347
1,22,0000.jpg,0021.jpg,"[[-3.95305055e-08  2.75791618e-06 -2.48334834e-03]
 [-2.11478720e-06  6.59170331e-06  9.76344720e-03]
 [ 1.95489263e-03 -1.60014305e-02  1.00000000e+00]]","[[ 0.28966176 -0.01371666  0.95703078 -5.52380887]
 [ 0.01327463  0.99985871  0.0103127  -0.02354157]
 [-0.95703702  0.00971704  0.28980292  2.93618835]]",0.012658227848101266,91.88475880628297
1,23,0000.jpg,0022.jpg,"[[-8.34374012e-07  3.61590918e-06 -7.82437773e-04]
 [ 3.30859010e-06 -6.86003146e-07 -2.67708509e-03]
 [-1.20146174e-03  1.83304492e-04  1.00000000e+00]]","[[ 0.36269507 -0.01217884  0.93182829 -5.32766174]
 [ 0.01399736  0.999873    0.00761998 -0.01632613]
 [-0.93180275  0.0102794   0.36281948  2.64867815]]",0.0136986301369863,69.24614814568301
1,24,0000.jpg,0023.jpg,"[[-3.13803923e-08 -1.12655953e-06  4.83255715e-04]
 [ 5.05608534e-06  2.83739122e-07 -6.75152228e-03]
 [-1.99705194e-03  4.13559552e-03  1.00000000e+00]]","[[ 4.21567167e-01 -1.03898467e-02  9.06737655e-01 -5.20777130e+00]
 [ 1.31211968e-02  9.99899564e-01  5.35693797e-03 -5.17504283e-03]
 [-9.06702243e-01  9.63917406e-03  4.21661154e-01  2.40820162e+00]]",0.01282051282051282,69.2215251664686
1,25,0000.jpg,0024.jpg,"[[-6.22513490e-07  3.29516002e-06 -4.42552937e-04]
 [ 3.00835165e-06 -1.62125443e-08 -5.76403177e-03]
 [-1.32421258e-03  3.10148806e-03  1.00000000e+00]]","[[ 4.78286384e-01 -8.59849626e-03  8.78161831e-01 -4.81113245e+00]
 [ 1.14519617e-02  9.99928110e-01  3.55351444e-03  5.42023646e-03]
 [-8.78129254e-01  8.35707810e-03  4.78350470e-01  2.29750864e+00]]",0.009708737864077669,49.39979223873044
1,26,0000.jpg,0025.jpg,"[[-4.35929117e-07  1.97631991e-06 -1.86083320e-04]
 [ 3.61713346e-06  1.56154797e-07 -5.73075865e-03]
 [-1.47500587e-03  2.97862570e-03  1.00000000e+00]]","[[ 5.34844395e-01 -8.07508976e-03  8.44911987e-01 -4.69837501e+00]
 [ 1.10392229e-02  9.99935767e-01  2.56867532e-03  6.53313547e-03]
 [-8.44878458e-01  7.95333017e-03  5.34899182e-01  2.02861195e+00]]",0.009174311926605505,46.12398306756204
1,27,0000.jpg,0026.jpg,"[[-3.51159424e-07  1.71914120e-06 -2.35760779e-04]
 [ 3.73119978e-06 -3.01531661e-07 -5.44419623e-03]
 [-1.56088158e-03  3.01320421e-03  1.00000000e+00]]","[[ 6.26572568e-01 -7.80914983e-03  7.79323960e-01 -4.50520971e+00]
 [ 1.17478987e-02  9.99930826e-01  5.74470468e-04  7.71206346e-03]
 [-7.79274537e-01  8.79547148e-03  6.26620966e-01  1.60456411e+00]]",0.0072992700729927005,41.683652266491976
1,28,0000.jpg,0027.jpg,"[[-8.98525852e-07  4.94556368e-06 -7.40988059e-04]
 [ 2.26906191e-06 -3.11930487e-07 -5.50505126e-03]
 [-1.07991896e-03  2.82289426e-03  1.00000000e+00]]","[[ 6.74575164e-01 -7.00016543e-03  7.38172979e-01 -4.14623243e+00]
 [ 1.08408917e-02  9.99941146e-01 -4.24348818e-04  1.57695984e-02]
 [-7.38126563e-01  8.28870847e-03  6.74611350e-01  1.37923943e+00]]",0.006060606060606061,34.93861195934126
1,29,0000.jpg,0028.jpg,"[[ 1.71238113e-07  9.99888071e-06 -4.21642606e-03]
 [-1.29843726e-06 -4.21944292e-07 -5.70399320e-03]
 [ 5.95654515e-04  3.42886636e-03  1.00000000e+00]]","[[ 7.28985546e-01 -6.60393276e-03  6.84497233e-01 -3.90074686e+00]
 [ 9.99904023e-03  9.99949507e-01 -1.00154751e-03  1.92734428e-02]
 [-6.84456056e-01  7.57442903e-03  7.29014770e-01  1.19262655e+00]]",0.005714285714285714,32.70934147721005
1,30,0000.jpg,0029.jpg,"[[-2.15307327e-07 -9.30114220e-07  6.96385595e-04]
 [ 5.09386686e-06  2.97559061e-07 -7.61513101e-03]
 [-2.00730682e-03  4.78475146e-03  1.00000000e+00]]","[[ 0.79736814 -0.00606619  0.60346272 -3.59362273]
 [ 0.01083859  0.99993215 -0.00426965  0.01907146]
 [-0.60339587  0.00994517  0.79737978  0.92804453]]",0.005263157894736842,20.14863663437241
1,31,0000.jpg,0030.jpg,"[[ 4.51466010e-08 -6.45743872e-06  2.40786822e-03]
 [ 8.47258372e-06  1.86525612e-07 -8.72364689e-03]
 [-3.25302063e-03  6.11068311e-03  1.00000000e+00]]","[[ 0.8353535  -0.00598769  0.54968052 -3.27187908]
 [ 0.00954484  0.99994792 -0.00361288  0.0223368 ]
 [-0.54963026  0.00826465  0.83536715  0.75287451]]",0.004424778761061947,20.249909745057327
1,32,0000.jpg,0031.jpg,"[[ 4.39022556e-09 -1.37841100e-06  5.51519841e-04]
 [ 5.05638110e-06  2.84207772e-07 -9.66563871e-03]
 [-2.08216001e-03  7.22103902e-03  1.00000000e+00]]","[[ 8.82232714e-01 -5.18282848e-03  4.70785064e-01 -2.77393666e+00]
 [ 7.25341576e-03  9.99970355e-01 -2.58403659e-03  2.94325408e-02]
 [-4.70757715e-01  5.69452142e-03  8.82244153e-01  5.68911481e-01]]",0.0037593984962406013,15.781511377153791
1,33,0000.jpg,0032.jpg,"[[-5.79876119e-08 -7.11998462e-06  3.03287646e-03]
 [ 9.99958816e-06  1.62068103e-07 -1.31028897e-02]
 [-4.22320267e-03  1.08472803e-02  1.00000000e+00]]","[[ 9.24142599e-01 -4.57758947e-03  3.82020292e-01 -2.27799940e+00]
 [ 5.22618870e-03  9.99986125e-01 -6.60220549e-04  3.61310796e-02]
 [-3.82011969e-01  2.60664807e-03  9.24153700e-01  1.12727856e-01]]",0.003676470588235294,14.619176285496703
1,34,0000.jpg,0033.jpg,"[[ 1.82411162e-06 -7.45435720e-05  2.29450966e-02]
 [ 5.07437384e-05 -1.32227545e-06  2.86017584e-02]
 [-1.53063891e-02 -3.23250557e-02  1.00000000e+00]]","[[ 0.96194205 -0.00321829  0.27323458 -1.77560573]
 [ 0.00444607  0.99998261 -0.00387444  0.03993908]
 [-0.27321736  0.00494181  0.96193963 -0.22763648]]",0.0034602076124567475,8.224086309422773
1,35,0000.jpg,0034.jpg,"[[-1.47951014e-06 -2.99129490e-06  5.92246810e-03]
 [ 1.06937327e-05  7.46210003e-07 -2.79651693e-02]
 [-7.65615812e-03  2.62191261e-02  1.00000000e+00]]","[[ 0.98546984 -0.00300921  0.16982385 -1.38333907]
 [ 0.00389879  0.99998037 -0.00490497  0.04202348]
 [-0.16980576  0.00549581  0.98546223 -0.44964974]]",0.0029069767441860465,4.911585134853661
1,36,0000.jpg,0035.jpg,"[[-7.43329036e-06  5.39847580e-05  2.32281616e-02]
 [-2.18734577e-05 -3.84666496e-06 -1.50965041e-01]
 [-3.52641626e-02  1.75099095e-01  1.00000000e+00]]","[[ 0.99869632 -0.0014044   0.05102637 -0.96552959]
 [ 0.00154416  0.99999516 -0.00269962  0.04450758]
 [-0.05102233  0.00277489  0.99869366 -0.59308203]]",0.0028089887640449437,7.155183616630887
1,37,0000.jpg,0036.jpg,"[[ 6.31244418e-08 -4.30236935e-05  1.42360098e-02]
 [ 4.14265696e-05  4.39114213e-07 -3.31522904e-02]
 [-1.37060501e-02  2.98751700e-02  1.00000000e+00]]","[[ 9.94730790e-01  6.63718060e-04 -1.02519342e-01 -1.85539171e-01]
 [-7.33876995e-04  9.99999522e-01 -6.46632132e-04  4.54195564e-02]
 [ 1.02518864e-01  7.18461478e-04  9.94730801e-01 -5.37000431e-01]]",0.0024154589371980675,4.522776887231498
1,38,0000.jpg,0037.jpg,"[[ 3.66910968e-06  1.81309214e-05 -2.62602215e-03]
 [-1.89979312e-05 -1.62847989e-07  8.09403690e-03]
 [-1.63780006e-03 -5.16078815e-03  1.00000000e+00]]","[[ 0.97180177  0.001782   -0.23579259  0.45678372]
 [-0.00301977  0.99998349 -0.00488841  0.04419741]
 [ 0.23577998  0.00546261  0.97179111 -0.4864424 ]]",0.002506265664160401,3.6523989400149115
1,39,0000.jpg,0038.jpg,"[[ 3.16280548e-06 -6.81301340e-07  1.02516221e-03]
 [ 5.44250225e-07 -6.61195098e-08 -6.70085342e-04]
 [-4.35982409e-03  7.93427265e-04  1.00000000e+00]]","[[ 0.94839553  0.00290073 -0.3170765   1.01111251]
 [-0.00472087  0.99997649 -0.00497226  0.03858159]
 [ 0.31705462  0.00621255  0.94838693 -0.11067594]]",0.0028169014084507044,8.549023515019408
1,40,0000.jpg,0039.jpg,"[[ 3.54521167e-06 -7.37619926e-07  4.85591571e-04]
 [ 6.64677647e-07 -1.07881114e-07 -6.79924406e-04]
 [-4.08213033e-03  7.87828515e-04  1.00000000e+00]]","[[ 0.90875187  0.00386277 -0.41731897  1.42844441]
 [-0.00650129  0.99996685 -0.00490132  0.03427211]
 [ 0.41728621  0.00716719  0.90874686  0.16221646]]",0.0033444816053511705,13.303896210585961
1,41,0000.jpg,0040.jpg,"[[-1.66976726e-07  2.07890964e-06 -9.75893210e-04]
 [ 2.84034036e-06 -1.94663289e-07  6.06845864e-03]
 [-7.68692635e-04 -8.77068683e-03  1.00000000e+00]]","[[ 0.85468668  0.00513932 -0.51911873  1.76675659]
 [-0.00833042  0.99995802 -0.00381569  0.02920018]
 [ 0.51907733  0.0075857   0.85469362  0.45303054]]",0.004048582995951417,11.892612570881187
1,42,0000.jpg,0041.jpg,"[[-3.89103025e-07  2.18639424e-05 -8.39921299e-03]
 [-1.31442828e-05 -6.27856556e-08  1.41899437e-02]
 [ 5.53909388e-03 -1.72785641e-02  1.00000000e+00]]","[[ 0.82047464  0.00566516 -0.57165485  1.87692231]
 [-0.00849945  0.99996126 -0.00228923  0.02907303]
 [ 0.57161973  0.00673701  0.82049101  0.61272786]]",0.0038461538461538464,16.352500077149774
1,43,0000.jpg,0042.jpg,"[[ 4.01212261e-06 -1.33211177e-06 -7.45842882e-05]
 [ 1.07874656e-06 -4.54874856e-08 -7.41697150e-04]
 [-3.57381875e-03  7.82083065e-04  1.00000000e+00]]","[[ 7.69401375e-01  6.78494362e-03 -6.38729590e-01  2.04834372e+00]
 [-9.42791290e-03  9.99955286e-01 -7.34597110e-04  2.58620890e-02]
 [ 6.38696045e-01  6.58708696e-03  7.69430940e-01  8.65057804e-01]]",0.004545454545454545,22.864361210709532
1,44,0000.jpg,0043.jpg,"[[-1.50288176e-08  6.44429772e-06 -2.44652437e-03]
 [-2.17997505e-06  4.88331658e-07  6.32178523e-03]
 [ 8.62667367e-04 -9.25071605e-03  1.00000000e+00]]","[[ 8.11643446e-01  9.05391596e-03 -5.84082993e-01  2.56227518e+00]
 [-1.03459107e-02  9.99945848e-01  1.12353046e-03  2.13836227e-02]
 [ 5.84061536e-01  5.13096436e-03  8.11693166e-01  7.24704244e-01]]",0.005208333333333333,20.54119246990956
1,45,0000.jpg,0044.jpg,"[[ 5.31338582e-07  3.72225938e-06 -1.12195474e-03]
 [ 1.06175143e-06 -3.85891014e-07  3.32528248e-03]
 [-1.07601186e-03 -5.75023367e-03  1.00000000e+00]]","[[ 0.7676308   0.00948629 -0.6408221   2.64228618]
 [-0.01005685  0.99994563  0.00275556  0.01713173]
 [ 0.6408134   0.0043294   0.76768447  0.89613518]]",0.005988023952095809,19.487594158554227
1,46,0000.jpg,0045.jpg,"[[-1.98569782e-08  1.60854923e-06 -6.59758414e-04]
 [ 2.80944375e-06  3.33208989e-07  3.16371871e-03]
 [-1.11600152e-03 -5.83583207e-03  1.00000000e+00]]","[[ 7.15403370e-01  1.05785727e-02 -6.98631600e-01  2.82835253e+00]
 [-1.23359953e-02  9.99920762e-01  2.50850644e-03  1.21780315e-02]
 [ 6.98602778e-01  6.82372216e-03  7.15477180e-01  1.08949504e+00]]",0.006172839506172839,24.80252997677173
1,47,0000.jpg,0046.jpg,"[[ 2.23952568e-08  2.23242284e-06 -8.55520286e-04]
 [ 1.68996673e-06  9.77003544e-08  2.15538709e-03]
 [-6.97660157e-04 -4.80954435e-03  1.00000000e+00]]","[[ 0.6826694   0.01350494 -0.73060256  3.21095345]
 [-0.01200154  0.99990156  0.00726869  0.01009988]
 [ 0.7306288   0.00380624  0.68276428  0.8560325 ]]",0.008064516129032258,20.176395151218323
1,48,0000.jpg,0047.jpg,"[[ 8.75976692e-07 -1.74510847e-07  8.73985525e-05]
 [ 4.00879772e-06 -4.31533591e-08  6.02049775e-05]
 [-2.37738677e-03 -2.27732500e-03  1.00000000e+00]]","[[ 6.27961555e-01  1.44040531e-02 -7.78111052e-01  3.47977567e+00]
 [-1.56105964e-02  9.99860677e-01  5.91071407e-03  1.15079318e-03]
 [ 7.78087781e-01  8.43507638e-03  6.28098921e-01  1.07335542e+00]]",0.008620689655172414,30.77829786740962
1,49,0000.jpg,0048.jpg,"[[-3.83665742e-07 -7.92941127e-06  2.99892434e-03]
 [ 1.41386195e-05 -3.14382486e-07 -3.17540012e-03]
 [-5.02935483e-03  4.64873098e-04  1.00000000e+00]]","[[ 0.54678406  0.01435037 -0.83715068  3.7429138 ]
 [-0.0134452   0.99987468  0.00835805  0.00408317]
 [ 0.83716571  0.00668561  0.54690848  1.42665012]]",0.012048192771084338,33.5958349121816
1,50,0000.jpg,0049.jpg,"[[ 1.42107951e-05  2.73175965e-04 -1.10351214e-01]
 [-2.49490168e-04 -6.49755831e-05 -1.34538778e-02]
 [ 9.69267903e-02  3.54935952e-02  1.00000000e+00]]","[[ 4.86010260e-01  1.53683674e-02 -8.73817967e-01  4.10302045e+00]
 [-1.41418727e-02  9.99852759e-01  9.71942630e-03  2.54502543e-03]
 [ 8.73838677e-01  7.63368159e-03  4.86156037e-01  1.73371161e+00]]",0.014925373134328358,51.957478554909905
1,51,0000.jpg,0050.jpg,"[[ 2.81526946e-06  1.27478789e-05 -5.94855646e-03]
 [-5.02333478e-06 -7.86430003e-06 -2.21446450e-03]
 [ 1.73292354e-03  2.43913355e-03  1.00000000e+00]]","[[ 0.39485421  0.01630107 -0.91859917  4.35973768]
 [-0.01540164  0.99981953  0.01112208 -0.00649799]
 [ 0.91861469  0.00975633  0.39503401  2.19045521]]",0.014705882352941176,57.736851691384715
1,52,0000.jpg,0051.jpg,"[[-9.38010826e-07  6.33569267e-06 -1.55639473e-03]
 [ 1.55930135e-06  1.79960519e-06  8.76161496e-04]
 [ 2.44139866e-04 -5.93645886e-03  1.00000000e+00]]","[[ 0.2829217   0.01609359 -0.95900798  4.49555638]
 [-0.01560275  0.99980414  0.01217516 -0.01074377]
 [ 0.95901609  0.01151854  0.28311739  2.77156203]]",0.012987012987012988,62.85184534868011
1,53,0000.jpg,0052.jpg,"[[-1.00573802e-06  8.97555324e-06 -2.43178609e-03]
 [ 1.48428505e-06  3.77146796e-07  4.49069048e-03]
 [ 5.42066127e-04 -9.53072215e-03  1.00000000e+00]]","[[ 0.14757674  0.01376407 -0.98895483  4.48692963]
 [-0.01816809  0.99977218  0.01120349 -0.02145888]
 [ 0.98888373  0.01631405  0.14779319  3.49962649]]",0.011111111111111112,69.39833173563585
1,54,0000.jpg,0053.jpg,"[[ 3.65250869e-09  3.16784458e-06 -1.22414962e-03]
 [ 2.50660241e-06 -5.65431522e-08 -2.84625916e-03]
 [-9.87817644e-04  3.38222556e-04  1.00000000e+00]]","[[ 0.35666419 -0.02022517  0.9340137  -5.11620149]
 [ 0.01250879  0.9997794   0.01687263 -0.03085003]
 [-0.93414891  0.00566552  0.35683851  2.83876565]]",0.008403361344537815,68.23913227574899
1,55,0000.jpg,0054.jpg,"[[-8.20396745e-10  2.32183228e-06 -8.88325244e-04]
 [ 2.72437952e-06  4.55902174e-07 -5.19531587e-03]
 [-1.05771209e-03  2.47670805e-03  1.00000000e+00]]","[[ 0.45487088 -0.01943267  0.89034536 -4.8167575 ]
 [ 0.01429852  0.99979239  0.01451645 -0.03644142]
 [-0.89044261  0.00612751  0.4550543   2.50278807]]",0.007407407407407408,51.322121505618846
1,56,0000.jpg,0055.jpg,"[[ 8.52277672e-09  2.44076487e-06 -9.58119815e-04]
 [ 2.41775482e-06  5.02727697e-07 -4.45283647e-03]
 [-9.57056915e-04  1.77469671e-03  1.00000000e+00]]","[[ 5.22155232e-01 -1.80715040e-02  8.52658979e-01 -4.57920270e+00]
 [ 1.08257015e-02  9.99835373e-01  1.45613107e-02 -2.00526835e-02]
 [-8.52781753e-01  1.62736698e-03  5.22264908e-01  2.21791733e+00]]",0.006993006993006993,48.72372427432357
1,57,0000.jpg,0056.jpg,"[[ 5.84074255e-09  2.61989064e-06 -1.03247436e-03]
 [ 2.32343368e-06  3.03039529e-07 -3.62381618e-03]
 [-9.27371051e-04  1.02153921e-03  1.00000000e+00]]","[[ 5.92072035e-01 -1.72656309e-02  8.05700070e-01 -4.30859941e+00]
 [ 1.09277731e-02  9.99850557e-01  1.33958308e-02 -1.86656165e-02]
 [-8.05810951e-01  8.73210767e-04  5.92172228e-01  1.92233846e+00]]",0.005649717514124294,40.63444655138905
1,58,0000.jpg,0057.jpg,"[[ 4.46672583e-08  3.72944491e-06 -1.44899760e-03]
 [ 2.04450485e-06  1.37808246e-07 -5.32271680e-03]
 [-7.63567603e-04  2.71080917e-03  1.00000000e+00]]","[[ 6.50276426e-01 -1.59003971e-02  7.59531268e-01 -3.79979558e+00]
 [ 9.02687383e-03  9.99872085e-01  1.32034063e-02 -8.03826526e-03]
 [-7.59644052e-01 -1.72967092e-03  6.50336776e-01  1.38954264e+00]]",0.0048543689320388345,24.430188628403876
1,59,0000.jpg,0058.jpg,"[[-4.29158206e-09  3.03061484e-06 -1.15293052e-03]
 [ 2.33991200e-06  1.95736339e-07 -6.03569391e-03]
 [-9.08112522e-04  3.41963710e-03  1.00000000e+00]]","[[ 7.14112982e-01 -1.41100540e-02  6.99888244e-01 -3.35979714e+00]
 [ 1.09268719e-02  9.99899711e-01  9.00946376e-03 -9.03310051e-03]
 [-6.99945178e-01  1.21381418e-03  7.14195544e-01  1.10937674e+00]]",0.004098360655737705,26.366263631653098
1,60,0000.jpg,0059.jpg,"[[ 5.32444271e-07  1.89969532e-05 -7.89494950e-03]
 [-1.12335858e-05  1.44826895e-07  1.11383171e-03]
 [ 4.52169950e-03 -3.56803105e-03  1.00000000e+00]]","[[ 7.65197915e-01 -1.14217067e-02  6.43693790e-01 -2.76843502e+00]
 [ 7.04385040e-03  9.99931298e-01  9.36933435e-03  1.15009531e-02]
 [-6.43756580e-01 -2.63531235e-03  7.65225797e-01  3.59486103e-01]]",0.0036496350364963502,36.90942539491069
1,61,0000.jpg,0060.jpg,"[[ 2.77319361e-07  6.77832339e-05 -2.65775649e-02]
 [-4.47828536e-05  8.09324668e-07  3.56159675e-03]
 [ 1.78257931e-02 -6.49379297e-03  1.00000000e+00]]","[[ 0.86173362 -0.00865212  0.5072872  -2.37883901]
 [ 0.00595669  0.9999582   0.00693627  0.01827815]
 [-0.50732601 -0.00295547  0.86174914 -0.11406248]]",0.0033003300330033004,21.498647155290612
1,62,0000.jpg,0061.jpg,"[[ 1.60908000e-06 -7.45816683e-06 -5.49472291e-04]
 [ 1.47022189e-05  5.81689596e-07 -1.99679570e-02]
 [-3.58081605e-03  1.76216145e-02  1.00000000e+00]]","[[ 0.92121709 -0.00535536  0.38901208 -1.85575304]
 [ 0.00221389  0.99996122  0.00852333  0.02160118]
 [-0.38904264 -0.00699061  0.92119322 -0.38763897]]",0.0030959752321981426,13.640959096622101
1,63,0000.jpg,0062.jpg,"[[ 2.05735956e-06  6.35324943e-06 -8.57019495e-03]
 [-2.88818523e-05 -2.64502629e-06  7.31227298e-02]
 [ 1.64128585e-02 -7.65411332e-02  1.00000000e+00]]","[[ 0.96642212 -0.00358652  0.25693467 -1.21768216]
 [ 0.00233626  0.9999839   0.00517115  0.02246616]
 [-0.25694908 -0.00439724  0.96641494 -0.80309372]]",0.0025380710659898475,4.7046891163981375
1,64,0000.jpg,0063.jpg,"[[-9.95865821e-08  5.35707027e-05 -1.94250676e-02]
 [-5.77710318e-05 -5.60385164e-07  5.09864151e-02]
 [ 2.08920977e-02 -5.31646861e-02  1.00000000e+00]]","[[ 9.92332716e-01 -1.40296701e-03  1.23587263e-01 -7.27355065e-01]
 [ 7.20773451e-04  9.99984258e-01  5.56447185e-03  2.00859832e-02]
 [-1.23593124e-01 -5.43272905e-03  9.92318107e-01 -1.13356984e+00]]",0.0022522522522522522,3.394661531721605
2,3,0001.jpg,0002.jpg,"[[ 5.30104693e-07  1.93706737e-05 -5.71956570e-03]
 [-1.49369482e-05 -9.12313650e-07  3.09456596e-02]
 [ 3.29805876e-03 -3.25754014e-02  1.00000000e+00]]","[[ 0.98254173  0.00154012 -0.18603595  0.58384821]
 [-0.00119718  0.99999737  0.00195571  0.00205565]
 [ 0.18603847 -0.00169885  0.98254099  0.01809658]]",0.002070393374741201,6.206470501512216
2,4,0001.jpg,0003.jpg,"[[-3.51390992e-08 -1.59074004e-07 -2.05395877e-05]
 [ 4.49436208e-06  1.25987002e-07  9.93540220e-03]
 [-1.60511769e-03 -1.26288015e-02  1.00000000e+00]]","[[ 9.61426193e-01  2.71820682e-03 -2.75049606e-01  1.07794556e+00]
 [-2.76568863e-03  9.99996152e-01  2.15200694e-04  3.04854135e-03]
 [ 2.75049133e-01  5.53801985e-04  9.61430012e-01  4.88704525e-02]]",0.002398081534772182,5.3137818629267475
2,5,0001.jpg,0004.jpg,"[[ 5.07424163e-08 -2.89108953e-06  1.15311345e-03]
 [ 7.45771201e-06 -1.18202022e-07  2.68982308e-03]
 [-2.97654577e-03 -5.23406050e-03  1.00000000e+00]]","[[ 9.01184213e-01  4.77981464e-03 -4.33409930e-01  1.47129499e+00]
 [-3.99286232e-03  9.99988313e-01  2.72595115e-03  2.70395292e-03]
 [ 4.33417894e-01 -7.26037963e-04  9.01192766e-01  3.17131426e-01]]",0.0033333333333333335,8.426080878617935
2,6,0001.jpg,0005.jpg,"[[ 2.98519431e-07  8.11987952e-08  1.17467763e-04]
 [ 4.33327321e-06 -2.20140833e-07  2.32626352e-03]
 [-2.09171077e-03 -4.67473731e-03  1.00000000e+00]]","[[ 8.28949690e-01  7.88806255e-03 -5.59267548e-01  1.87717851e+00]
 [-7.29473054e-03  9.99967976e-01  3.29152894e-03 -4.87227477e-03]
 [ 5.59275602e-01  1.35119417e-03  8.28980685e-01  5.58286387e-01]]",0.004629629629629629,7.8487181112020235
2,7,0001.jpg,0006.jpg,"[[ 2.60878266e-07 -6.51494718e-07  4.04686904e-04]
 [ 5.34016410e-06 -9.72722442e-07  2.86222006e-03]
 [-2.49456906e-03 -4.87486098e-03  1.00000000e+00]]","[[ 7.50686433e-01  1.08111435e-02 -6.60570207e-01  2.15913747e+00]
 [-7.92986826e-03  9.99941518e-01  7.35374786e-03 -8.93003211e-03]
 [ 6.60611078e-01 -2.82124031e-04  7.50728263e-01  8.79595740e-01]]",0.005376344086021506,19.230286021707826
2,8,0001.jpg,0007.jpg,"[[-7.28235250e-08  2.69610176e-06 -1.06890316e-03]
 [ 2.80725712e-06  4.61441043e-07  3.50992892e-03]
 [-1.00159662e-03 -6.40218448e-03  1.00000000e+00]]","[[ 0.69785786  0.01216713 -0.71613293  2.62569967]
 [-0.00621918  0.99992094  0.01092822 -0.00964011]
 [ 0.71620928 -0.00317258  0.69787836  1.34806181]]",0.006535947712418301,23.910412671817596
2,9,0001.jpg,0008.jpg,"[[-1.18208485e-08  1.14529734e-06 -4.58776241e-04]
 [ 2.73397103e-06  1.34518332e-07  2.24737057e-03]
 [-1.08301494e-03 -4.87671535e-03  1.00000000e+00]]","[[ 7.09568872e-01  1.38871199e-02 -7.04499229e-01  3.37454941e+00]
 [-7.73628706e-03  9.99899049e-01  1.19180960e-02 -1.17610447e-02]
 [ 7.04593617e-01 -3.00650170e-03  7.09604675e-01  8.29966260e-01]]",0.0078125,20.890681656931385
2,10,0001.jpg,0009.jpg,"[[-1.38614309e-08  1.44612160e-06 -5.80599419e-04]
 [ 2.57992467e-06  3.47233008e-08  1.77940649e-03]
 [-1.03524547e-03 -4.35514948e-03  1.00000000e+00]]","[[-8.66979984e-01 -1.64791428e-03  4.98340237e-01 -1.75838374e+00]
 [ 7.63649264e-03  9.99833185e-01  1.65917280e-02 -4.53515042e-02]
 [-4.98284449e-01  1.81902676e-02 -8.66822775e-01  8.50607257e+00]]",0.008620689655172414,25.14728406959071
2,11,0001.jpg,0010.jpg,"[[-2.47083774e-08  1.63156604e-06 -6.47388432e-04]
 [ 2.68658269e-06 -3.42952316e-07  1.55220361e-03]
 [-1.05157126e-03 -4.00051591e-03  1.00000000e+00]]","[[-8.03254917e-01 -1.70577523e-03  5.95632965e-01 -2.26844361e+00]
 [ 1.00262617e-02  9.99815495e-01  1.63844265e-02 -5.15498382e-02]
 [-5.95551016e-01  1.91328431e-02 -8.03089610e-01  8.25370304e+00]]",0.009523809523809525,34.462700631930545
2,12,0001.jpg,0011.jpg,"[[-7.65983771e-09  1.73226493e-06 -6.58282482e-04]
 [ 2.52565167e-06  1.50674004e-07  1.06596656e-03]
 [-9.66775206e-04 -3.78217220e-03  1.00000000e+00]]","[[-7.54765380e-01 -2.41465833e-03  6.55990389e-01 -2.67611333e+00]
 [ 1.07328558e-02  9.99813918e-01  1.60291937e-02 -5.29733006e-02]
 [-6.55907026e-01  1.91389307e-02 -7.54599016e-01  7.99898222e+00]]",0.01098901098901099,42.377953303790314
2,13,0001.jpg,0012.jpg,"[[ 1.38769628e-06  5.19900797e-06 -2.11892758e-03]
 [-2.97781366e-06  3.04653123e-08  2.18403948e-03]
 [-2.38701656e-04 -3.90307181e-03  1.00000000e+00]]","[[-6.30003747e-01 -4.87225152e-03  7.76576809e-01 -3.46292280e+00]
 [ 1.43724359e-02  9.99735902e-01  1.79321003e-02 -8.70087947e-02]
 [-7.76459086e-01  2.24585908e-02 -6.29767338e-01  7.56542751e+00]]",0.014285714285714285,44.23092550793944
2,14,0001.jpg,0013.jpg,"[[ 1.08131310e-06  5.59047518e-06 -1.82049753e-03]
 [-2.22950832e-06  5.58647536e-08  3.18938188e-03]
 [-5.17620618e-04 -5.31478252e-03  1.00000000e+00]]","[[-0.52921662 -0.00782368  0.84845068 -4.1068519 ]
 [ 0.01417006  0.99973654  0.0180572  -0.08819616]
 [-0.84836842  0.02157876 -0.52896633  7.22142855]]",0.016129032258064516,42.606975245326865
2,15,0001.jpg,0014.jpg,"[[ 1.14786490e-06  5.77680592e-06 -1.88234435e-03]
 [-2.45740483e-06 -3.87108743e-07  3.69055398e-03]
 [-5.63567780e-04 -5.51380174e-03  1.00000000e+00]]","[[-0.43951418 -0.0101882   0.89817787 -4.49814094]
 [ 0.01170518  0.9997858   0.01706857 -0.06922648]
 [-0.89815938  0.01801522 -0.43930078  6.760811  ]]",0.015384615384615385,44.189749852924166
2,16,0001.jpg,0015.jpg,"[[ 1.05628281e-06  5.14878542e-06 -1.72728924e-03]
 [-1.03613846e-06 -5.39171999e-08  2.55138459e-03]
 [-7.35579356e-04 -4.76823505e-03  1.00000000e+00]]","[[-0.34228426 -0.01163922  0.93952435 -4.8916261 ]
 [ 0.01080424  0.99980841  0.01632221 -0.05984742]
 [-0.93953433  0.01573768 -0.34209293  6.32026766]]",0.016129032258064516,86.80207872395835
2,17,0001.jpg,0016.jpg,"[[-2.86350990e-06 -2.90870390e-05  1.02738899e-02]
 [ 2.16965776e-05  1.66558671e-05 -2.31217928e-02]
 [-5.80622324e-03  1.48564310e-02  1.00000000e+00]]","[[-0.35500325 -0.01121228  0.93479783 -4.45207853]
 [ 0.01023048  0.99982161  0.01587737 -0.05204259]
 [-0.93480909  0.01519994 -0.35482521  6.32750829]]",0.012345679012345678,106.56494090273317
2,18,0001.jpg,0017.jpg,"[[ 5.37676726e-06  3.85477943e-06 -6.05161780e-03]
 [ 1.01474722e-07  6.58216359e-07 -9.68831886e-04]
 [ 2.93951072e-04 -7.00964841e-04  1.00000000e+00]]","[[-0.26737523 -0.01181504  0.96352005 -4.57394456]
 [ 0.00915908  0.99984849  0.01480214 -0.03815302]
 [-0.96354896  0.01278268 -0.26722651  5.71898294]]",0.015873015873015872,78.5596232786366
2,19,0001.jpg,0018.jpg,"[[ 1.77611984e-06 -3.83455514e-08 -4.20909498e-03]
 [ 7.10762518e-06  3.05254885e-06 -6.30102183e-03]
 [ 9.19951465e-04  9.47193418e-04  1.00000000e+00]]","[[-0.16399197 -0.01137494  0.98639609 -4.70651331]
 [ 0.01028783  0.99985941  0.01324059 -0.03706787]
 [-0.98640803  0.01231923 -0.16385189  5.3776308 ]]",0.012658227848101266,67.44802873327895
2,20,0001.jpg,0019.jpg,"[[ 3.01342334e-06 -3.18706971e-06 -2.61391919e-03]
 [ 6.86803378e-06  7.30232659e-07 -5.07575857e-03]
 [-1.01367460e-03  2.16648840e-03  1.00000000e+00]]","[[-0.03779106 -0.01253685  0.99920702 -4.99128059]
 [ 0.01063346  0.99985964  0.01294721 -0.03983367]
 [-0.99922909  0.01111432 -0.03765245  4.81673244]]",0.013513513513513514,88.41576437987574
2,21,0001.jpg,0020.jpg,"[[ 9.75028946e-06 -2.71866907e-06 -1.25694058e-02]
 [ 1.10476433e-05  1.57441883e-06 -1.06141429e-02]
 [ 2.97347936e-03  5.37252264e-03  1.00000000e+00]]","[[ 0.07179378 -0.01326977  0.99733122 -5.2396824 ]
 [ 0.01153317  0.99985569  0.01247313 -0.04215852]
 [-0.99735282  0.01060689  0.07193646  4.29564867]]",0.011363636363636364,75.73809134459228
2,22,0001.jpg,0021.jpg,"[[ 7.76111002e-07 -4.73561008e-06  1.27526237e-03]
 [ 6.98414127e-06  7.01374559e-07 -3.92881683e-03]
 [-2.84759338e-03  1.40642494e-03  1.00000000e+00]]","[[ 0.1784278  -0.01220736  0.98387728 -5.31999483]
 [ 0.01249608  0.99987051  0.01013961 -0.03676638]
 [-0.98387366  0.01048542  0.17855724  3.90686666]]",0.011494252873563218,59.28291796283672
2,23,0001.jpg,0022.jpg,"[[-4.76657499e-07 -3.93095425e-05  1.92364879e-02]
 [ 3.43402439e-05 -3.07914744e-05 -6.80347988e-02]
 [-1.57929092e-02  7.99589079e-02  1.00000000e+00]]","[[ 0.25386284 -0.01073332  0.96718067 -5.19940717]
 [ 0.01352169  0.9998801   0.00754707 -0.03146221]
 [-0.96714571  0.011162    0.25397753  3.63216842]]",0.010309278350515464,71.92433748560676
2,24,0001.jpg,0023.jpg,"[[ 1.31787892e-06 -9.05302462e-06  1.88142938e-03]
 [ 5.12199826e-06 -2.19863394e-06 -9.39021857e-03]
 [-2.97330665e-03  1.00667464e-02  1.00000000e+00]]","[[ 0.31521672 -0.00900371  0.948977   -5.14270271]
 [ 0.01290981  0.99990315  0.00519871 -0.02062667]
 [-0.9489319   0.01061239  0.31530243  3.39787771]]",0.012048192771084338,77.70948896851093
2,25,0001.jpg,0024.jpg,"[[ 4.83905832e-07 -2.92187054e-06  7.81883949e-04]
 [ 8.06244485e-07  1.54628678e-06 -7.77765906e-03]
 [-1.58579376e-03  7.05873848e-03  1.00000000e+00]]","[[ 3.74829970e-01 -7.27691046e-03  9.27065014e-01 -4.80903635e+00]
 [ 1.14575391e-02  9.99929187e-01  3.21635062e-03 -9.43798891e-03]
 [-9.27022771e-01  9.41629903e-03  3.74886803e-01  3.28932832e+00]]",0.009259259259259259,51.651783388393454
2,26,0001.jpg,0025.jpg,"[[-3.08672656e-09 -1.31915465e-06  5.60472842e-04]
 [ 3.60603489e-06  4.76496562e-07 -5.94832271e-03]
 [-1.53141049e-03  3.42142852e-03  1.00000000e+00]]","[[ 4.34816407e-01 -6.82579612e-03  9.00493254e-01 -4.76132866e+00]
 [ 1.11600139e-02  9.99935325e-01  2.19079656e-03 -8.43501605e-03]
 [-9.00449969e-01  9.09692292e-03  4.34864461e-01  3.01843225e+00]]",0.007692307692307693,57.62799236630879
2,27,0001.jpg,0026.jpg,"[[-6.82602439e-08 -1.22206905e-07  1.40972124e-04]
 [ 3.75508125e-06 -1.96748200e-07 -5.09453065e-03]
 [-1.42877621e-03  2.51552341e-03  1.00000000e+00]]","[[ 5.33436930e-01 -6.69654534e-03  8.45813335e-01 -4.67921371e+00]
 [ 1.20918650e-02  9.99926848e-01  2.90617500e-04 -8.82237472e-03]
 [-8.45753409e-01  1.00724345e-02  5.33478882e-01  2.58097624e+00]]",0.006802721088435374,50.81663931192119
2,28,0001.jpg,0027.jpg,"[[-3.60507862e-07  1.60061007e-06 -1.43896090e-04]
 [ 3.04110556e-06 -7.34199174e-09 -4.50703637e-03]
 [-1.16644284e-03  1.72175099e-03  1.00000000e+00]]","[[ 5.85826727e-01 -5.97047695e-03  8.10414338e-01 -4.38160661e+00]
 [ 1.13049059e-02  9.99935773e-01 -8.05294864e-04 -4.51371717e-04]
 [-8.10357480e-01  9.63342105e-03  5.85856597e-01  2.34270573e+00]]",0.005681818181818182,43.020988751802676
2,29,0001.jpg,0028.jpg,"[[ 6.21270425e-08  1.18684714e-05 -4.61595426e-03]
 [-2.68578537e-06 -1.02542609e-07 -3.08062285e-03]
 [ 1.04393898e-03  5.39614485e-04  1.00000000e+00]]","[[ 6.46012983e-01 -5.67995128e-03  7.63305289e-01 -4.20902860e+00]
 [ 1.05345090e-02  9.99943423e-01 -1.47490091e-03  3.51004723e-03]
 [-7.63253726e-01  8.99385158e-03  6.46036269e-01  2.13530641e+00]]",0.005747126436781609,31.296498238447096
2,30,0001.jpg,0029.jpg,"[[ 7.06968707e-08 -1.76344948e-06  5.67414212e-04]
 [ 4.24988812e-06  5.14895122e-08 -5.93904355e-03]
 [-1.63200544e-03  3.37176489e-03  1.00000000e+00]]","[[ 7.23205503e-01 -5.29768967e-03  6.90612580e-01 -3.99999932e+00]
 [ 1.17419031e-02  9.99920362e-01 -4.62566314e-03  1.02132129e-03]
 [-6.90533076e-01  1.14544110e-02  7.23210113e-01  1.83273436e+00]]",0.005050505050505051,36.279601648270564
2,31,0001.jpg,0030.jpg,"[[-7.52065667e-08 -9.30930325e-08  1.60171553e-04]
 [ 3.45645300e-06 -8.23747781e-09 -5.62240439e-03]
 [-1.37319187e-03  3.04440345e-03  1.00000000e+00]]","[[ 0.76708627 -0.00532019  0.6415219  -3.7369202 ]
 [ 0.0103816   0.99993762 -0.00412102  0.00572504]
 [-0.64145995  0.0098212   0.76709365  1.62888377]]",0.004901960784313725,24.35856528923849
2,32,0001.jpg,0031.jpg,"[[ 2.95233947e-08  1.59122551e-06 -6.59374382e-04]
 [ 2.45608881e-06 -3.26013659e-07 -5.11972454e-03]
 [-9.42246659e-04  2.69753642e-03  1.00000000e+00]]","[[ 0.82267196 -0.00466083  0.56849725 -3.31734534]
 [ 0.00798765  0.99996245 -0.00336072  0.01530439]
 [-0.56846024  0.00730573  0.8226783   1.39863362]]",0.004098360655737705,26.418666462570563
2,33,0001.jpg,0032.jpg,"[[-1.30410765e-07 -5.87940026e-05  2.27682015e-02]
 [ 4.07558793e-05  4.75661167e-08 -7.51089336e-03]
 [-1.59281253e-02  4.98441161e-03  1.00000000e+00]]","[[ 8.74448220e-01 -4.21607673e-03  4.85100542e-01 -2.90015046e+00]
 [ 5.75392960e-03  9.99982033e-01 -1.68112060e-03  2.46829139e-02]
 [-4.85084739e-01  4.26128729e-03  8.74456767e-01  8.85209851e-01]]",0.003968253968253968,20.622025111901216
2,34,0001.jpg,0033.jpg,"[[-3.31011705e-07  1.48144118e-05 -4.93973800e-03]
 [-5.35155671e-06  1.55089668e-07 -1.12735546e-02]
 [ 1.67820379e-03  8.79878255e-03  1.00000000e+00]]","[[ 0.92442851 -0.00304941  0.3813432  -2.48246207]
 [ 0.00534611  0.99997339 -0.00496341  0.02763903]
 [-0.38131792  0.00662702  0.92442021  0.46816109]]",0.0036900369003690036,14.30023983239484
2,35,0001.jpg,0034.jpg,"[[ 1.84040974e-07 -2.09526332e-06  3.26836844e-04]
 [ 6.00314695e-06 -1.88847918e-07 -1.16243451e-02]
 [-2.03233773e-03  9.04123518e-03  1.00000000e+00]]","[[ 0.95961598 -0.00301977  0.2812971  -2.15991544]
 [ 0.00492013  0.9999696  -0.00604971  0.02970888]
 [-0.28127028  0.00718942  0.95960166  0.16736641]]",0.003257328990228013,11.395014917553969
2,36,0001.jpg,0035.jpg,"[[ 2.85642140e-07 -1.09043227e-05  3.22937915e-03]
 [ 1.08602907e-05  1.51515012e-07 -3.55916567e-03]
 [-3.40941623e-03  3.37635778e-04  1.00000000e+00]]","[[ 9.86328031e-01 -1.61696256e-03  1.64785924e-01 -1.81019943e+00]
 [ 2.32899229e-03  9.99988768e-01 -4.12781607e-03  3.52919237e-02]
 [-1.64777398e-01  4.45516584e-03  9.86320719e-01 -7.31018762e-02]]",0.0031847133757961785,14.393040268181148
2,37,0001.jpg,0036.jpg,"[[ 3.79620880e-08 -8.88864655e-06  3.35654304e-03]
 [ 9.99163893e-06 -5.23090263e-08 -1.45341450e-02]
 [-3.91745768e-03  1.22610883e-02  1.00000000e+00]]","[[ 9.99930485e-01  1.96338152e-04  1.17892789e-02 -1.09989453e+00]
 [-1.68661941e-04  9.99997228e-01 -2.34852282e-03  3.91637073e-02]
 [-1.17897073e-02  2.34637116e-03  9.99927746e-01 -1.52492211e-01]]",0.0026455026455026454,7.156900436644044
2,38,0001.jpg,0037.jpg,"[[-1.36781833e-06 -4.94514617e-06  6.85007532e-03]
 [ 4.89221223e-06  3.12920520e-07 -5.35235572e-03]
 [-5.63196035e-03  4.32327563e-03  1.00000000e+00]]","[[ 0.99237722  0.00109925 -0.1232325  -0.50109625]
 [-0.00195502  0.99997481 -0.00682364  0.03791061]
 [ 0.1232219   0.00701255  0.99235437 -0.22884219]]",0.0023148148148148147,5.126369769288516
2,39,0001.jpg,0038.jpg,"[[-4.50726559e-06 -9.06887266e-05  1.70270253e-02]
 [ 8.93474797e-05  7.44168355e-08 -5.40994286e-02]
 [-1.23699143e-02  4.11522487e-02  1.00000000e+00]]","[[ 0.97841061  0.00208944 -0.20665991  0.0348818 ]
 [-0.00363541  0.99996818 -0.00710127  0.03373506]
 [ 0.20663849  0.00769925  0.97838707  0.06505551]]",0.002288329519450801,4.581649252201117
2,40,0001.jpg,0039.jpg,"[[-1.31861944e-06 -2.58242950e-04  9.51852867e-02]
